74

0 3 0
1 3 0
2 3 0
3 3 0
4 3 0
5 3 0
8 3 0

0 9 0
1 9 0
4 9 0
5 9 0
6 9 0
7 9 0
8 9 0
9 9 0

9 8 0
9 7 0
9 6 0
9 5 0
9 4 0
9 3 0
9 2 0
9 1 0
9 0 0

12 2 0
13 2 0

13 0 0
13 1 0

10 8 0
11 8 0
12 8 0

4 19 0
4 16 0
4 15 0
4 14 0
4 13 0
4 12 0
4 11 0
4 10 0

8 12 0
8 13 0
8 14 0
8 15 0
8 16 0
8 17 0 
8 18 0
8 19 0

13 19 0
13 18 0
13 17 0
13 14 0
13 13 0
13 12 0
13 11 0
13 10 0 
13 9 0
13 8 0
13 7 0
13 6 0
13 5 0

14 14 0
15 14 0
16 14 0
19 14 0

16 15 0
16 16 0

16 10 0
17 10 0
18 10 0
19 10 0

14 5 0
15 5 0
16 5 0
19 5 0

19

2.5 3.0 6.0 1.0
8.0 3.0 1.0 1.0
1.0 9.0 2.0 1.0
6.0 9.0 5.0 1.0
4.0 19.0 1.0 1.0
4.0 13.0 1.0 7.0
8.0 15.5 1.0 8.0
9.0 4.5 1.0 10.0
11.0 8.0 3.0 1.0
12.0 2.0 1.0 1.0
13.0 1.0 1.0 3.0
13.0 18.0 1.0 3.0
13.0 9.5 1.0 10.0
16.0 15.5 1.0 2.0
15.0 14.0 3.0 1.0
19.0 14.0 1.0 1.0
17.5 10.0 4.0 1.0
15.0 5.0 3.0 1.0
19.0 5.0 1.0 1.0 


24

4 0
5 0
6 7
2 6
2 5
1 5
2 12
1 16
7 17
7 16
5 12
11 12
11 13
11 17
11 18
10 18
18 18
19 18
19 15
16 11
17 8
18 1 
17 1
11 6

13

4.0 0.0 90.0
6.0 7.5 0.0
1.5 5.0 270.0
1.0 16.5 0.0
7.5 16.0 90.0
5.0 11.5 180.0
11.5 12.0 90.0
11.0 17.5 0.0
18.5 18.0 90.0
16.0 10.5 180.0
17.5 8.0 90.0
17.0 0.5 180.0
11.0 6.5 0.0